hg19 bosTau7 [10, 4, 4, 4, 4, 4, 6, 4, 4, 6, 4, 4, 4, 4, 4, 4, 8, 4, 4, 4, 4, 4, 4, 4, 4, 4, 4, 4, 4, 4, 4, 10, 4, 4, 6, 4, 4, 4, 4, 4, 4, 4, 4, 4, 6, 4, 4, 4, 6, 6, 6, 4, 4, 4, 4, 4, 6, 4, 6, 4, 4, 6, 4, 4, 4, 4, 4, 4] [2, 4, 2, 8, 1, 6, 5, 4, 3, 6, 5, 3, 7, 2, 29, 9, 4, 12, 2, 6, 1, 4, 17, 4, 3, 2, 3, 6, 5, 1, 8, 4, 1, 3, 5, 18, 6]
hg19 calJac3 [4, 8, 6, 6, 4, 4, 4, 4, 4, 6, 4, 6, 4, 4, 4, 10, 10, 4, 4, 4, 4, 4, 4, 4, 4, 4, 4, 4, 6, 4, 6, 4, 4, 4, 4, 4, 10] [4, 3, 17, 3, 4, 2, 6, 1, 8, 2, 9, 1, 6, 4, 3, 1, 1, 1, 2, 9, 2, 3, 2, 2]
hg19 canFam3 [4, 4, 6, 4, 4, 4, 4, 6, 4, 4, 4, 4, 4, 4, 6, 4, 6, 4, 4, 4, 4, 6, 6, 4, 4, 4, 4, 4, 4, 10, 4, 4, 4, 4, 18, 4, 4] [7, 2, 2, 12, 2, 7, 5, 1, 10, 17, 15, 1, 1, 6, 3, 6, 1, 4, 3, 2, 8, 1, 4, 7, 1, 8, 3, 7, 1, 13, 1, 4, 3, 1, 1, 3, 1, 4, 3, 1, 8, 3, 4, 1]
hg19 capHir1 [4, 4, 4, 4, 4, 4, 4, 4, 4, 4, 6, 4, 4, 4, 6, 4, 6, 4, 4, 4, 4, 4, 4, 4, 6, 4, 6, 4, 6, 4, 4, 10, 10, 4, 6, 4, 4, 4, 8, 4, 4, 6, 6, 4, 4, 4, 4, 4, 4, 4, 8, 4, 4, 4, 4, 4, 4, 4, 4, 4, 4, 4, 4, 4, 10, 4, 6, 4, 6] [2, 8, 1, 6, 5, 17, 5, 1, 8, 4, 4, 1, 4, 7, 3, 4, 1, 4, 6, 8, 8, 4, 14, 3, 6, 5, 3, 9, 29, 12, 2, 6, 4, 1, 2]
hg19 cavPor3 [4, 4, 4, 4, 10, 4, 4, 4, 4, 4, 4, 6, 10, 4, 4, 4, 6, 4, 4, 4, 4, 4, 4, 10, 4, 4, 4, 6] [1, 1, 1, 3, 1, 1, 1, 1, 27, 9, 1, 14, 3, 11, 1, 1, 2, 7, 7, 5, 1, 1, 7, 7, 11, 3, 4, 3, 3, 1, 5, 1, 5, 1, 1, 3, 1, 1, 5, 3, 5, 1, 1, 2, 1, 23, 3, 3, 3, 1, 1, 1, 1, 1, 1, 1, 1, 1, 1, 10, 5, 1, 1, 7, 5, 1, 1, 4, 1, 17, 1, 9, 3, 1, 1, 4, 1, 1, 3, 1, 1, 1, 1, 1, 6, 5, 10, 1, 2, 3, 1, 2, 1, 3, 1, 1, 1, 1, 3, 1, 1, 1, 4, 1, 5, 1, 1, 3, 1, 2, 3, 1, 5, 5, 1, 1, 3, 1, 1, 17, 1, 1, 1, 1, 3, 1, 1, 1, 1, 1, 1, 1, 1, 12, 3, 1, 1, 1, 3, 3, 2, 3, 1, 1, 1, 1, 1, 1, 1, 1, 3, 1, 3, 1, 1, 1, 1, 1, 1, 1, 7, 2, 1, 1, 1, 2, 1, 5, 1, 1, 10, 7, 1, 1, 2, 1, 1, 5, 3, 1, 5, 1, 1, 1, 1, 1, 1, 1, 1, 1, 3, 1, 1, 1, 1, 1, 1, 1, 1, 3, 1, 1, 1, 1, 1, 1, 1, 1, 1, 1, 1, 1, 1]
hg19 cerSim1 [4, 4, 4, 6, 4, 6, 10, 4, 4, 4, 8, 10, 4, 6, 4, 6, 4, 4, 4, 4] [1, 1, 1, 1, 1, 1, 1, 1, 1, 1, 1, 1, 1, 1, 1, 1, 1, 1, 1, 1, 1, 1, 1, 1, 1, 1, 1, 3, 1, 3, 1, 1, 3, 1, 1, 2, 7, 3, 7, 3, 1, 1, 6, 3, 1, 1, 1, 1, 3, 1, 1, 1, 1, 5, 1, 3, 1, 5, 1, 1, 1, 1, 6, 1, 1, 1, 1, 3, 1, 3, 4, 1, 1, 1, 8, 3, 1, 1, 1, 1, 1, 1, 3, 1, 3, 1, 1, 3, 5, 3, 1, 1, 1, 1, 1, 2, 1, 3, 1, 1, 1, 1, 1, 5, 1, 1, 1, 1, 1, 4, 1, 1, 1, 1, 3, 3, 1, 1, 5, 3, 1, 1, 1, 1, 1, 1, 1, 1, 1, 1, 3, 1, 5, 1, 1, 1, 1, 2, 5, 1, 1, 1, 1, 1, 1, 2, 1, 1, 3, 3, 1, 1, 1]
hg19 echTel2 [4, 4, 4, 4, 4, 4, 4, 6, 6, 6, 4, 4, 4, 4, 4, 6, 4, 4, 4, 4, 4, 10, 4, 4] [20, 1, 1, 1, 1, 1, 1, 1, 1, 1, 3, 9, 3, 7, 1, 6, 1, 14, 1, 1, 6, 6, 1, 1, 1, 1, 9, 5, 3, 1, 1, 1, 1, 6, 1, 1, 3, 1, 1, 1, 3, 1, 1, 1, 1, 1, 1, 1, 1, 1, 2, 3, 1, 1, 3, 3, 3, 1, 1, 1, 1, 1, 1, 3, 3, 1, 1, 1, 1, 1, 1, 1, 1, 3, 1, 1, 1, 1, 1, 1, 1, 3, 1, 1, 1, 1, 1, 1, 14, 6, 1, 1, 1, 1, 1, 1, 3, 1, 1, 1, 1, 1, 1, 1, 7, 3, 8, 1, 3, 1, 1, 1, 3, 1, 1, 1, 1, 1, 1, 1, 2, 2, 1, 11, 1, 1, 1, 1, 1, 1, 3, 1, 7, 5, 1, 1, 2, 1, 1, 1, 5, 1, 1, 3, 3, 1, 2, 3, 1, 1, 1, 1, 1, 1, 3, 1, 1, 1, 1, 3, 1]
hg19 equCab2 [6, 4, 4, 6, 4, 4, 4, 4, 10, 4, 6, 4, 4, 4, 4, 10, 4, 4, 4, 4, 4, 4, 6, 6, 4, 6, 4, 4, 4, 4, 4, 4] [6, 1, 1, 2, 34, 5, 6, 3, 3, 1, 5, 1, 5, 10, 9, 2, 9, 1, 4, 3, 2, 1, 4, 1, 2, 2, 1, 2, 2, 2, 4, 3]
hg19 galGal4 [4, 10, 4, 10, 6, 4, 18, 10, 4, 4, 4, 4, 4, 4, 4, 4, 4, 10, 6, 4, 4, 4, 4, 4, 4, 4, 4, 4, 4, 4, 4, 4] [6, 17, 7, 13, 15, 13, 41, 58, 34, 1, 18, 1, 6, 5, 24, 2, 28, 3, 4, 2, 30, 1, 9, 14, 14, 7, 25, 11, 2, 37, 39, 2, 1, 4, 28, 2, 4, 5, 1, 20, 7, 2, 6, 21, 7, 3, 6, 4, 19, 1]
hg19 loxAfr3 [4, 4, 4, 4, 4, 6, 8, 4, 4, 4, 4, 10, 4, 4, 4, 4, 4, 4, 4, 4, 4, 6, 4] [6, 1, 1, 1, 3, 1, 3, 3, 1, 3, 1, 1, 3, 1, 15, 3, 1, 3, 11, 1, 1, 3, 1, 1, 1, 1, 1, 1, 1, 1, 1, 1, 1, 1, 3, 1, 1, 1, 1, 1, 3, 1, 1, 4, 1, 3, 1, 1, 1, 1, 1, 1, 5, 1, 1, 6, 1, 3, 1, 1, 2, 1, 1, 1, 1, 1, 1, 1, 1, 1, 1, 4, 1, 1, 2, 3, 1, 1, 1, 2, 1, 1, 1, 3, 1, 1, 1, 1, 1, 1, 6, 3, 1, 1, 1, 1, 1, 1, 1, 1, 2, 1, 1, 1, 1, 1, 1, 1, 1, 3, 1, 1, 1, 1, 1, 1, 1, 1, 1, 1, 8, 1, 1, 1, 1, 1, 1, 1, 3, 12, 1, 1, 1, 1, 1, 4, 1, 3, 3, 1, 1, 1, 1, 1, 1, 1, 1, 1, 1, 1, 1, 3, 1, 1, 1, 1, 1, 1, 1, 1, 1, 1]
hg19 mm10 [4, 4, 4, 4, 10, 4, 4, 4, 4, 10, 4, 4, 4, 4, 4, 4, 4, 4, 4, 4, 8, 6, 4, 6, 4, 4, 4, 4, 4, 4, 6, 4] [40, 6, 27, 9, 36, 13, 5, 36, 3, 4, 25, 27, 8, 1, 16, 11, 1, 10, 1, 2, 1, 5, 18, 19, 31, 13, 4, 6, 11, 3, 1, 3, 8, 3, 1, 1, 1, 1, 11, 1]
hg19 monDom5 [18, 4, 4, 22, 8, 12, 4, 8, 4, 4, 6, 4, 6, 4, 4, 14, 4, 4, 6, 4, 6, 6, 4, 4, 4, 6, 4, 14, 4, 8, 6, 4, 4, 4, 4, 10] [55, 34, 26, 43, 7, 1, 35, 43, 6, 5, 3, 12, 3, 41, 37, 18, 18, 14, 48, 16, 13, 43, 7, 20, 9, 17, 1, 2, 20, 16, 1]
hg19 ochPri3 [4, 4, 4, 4, 4, 4, 4, 6, 4, 4, 4, 4, 4, 4, 4, 4, 4, 12, 4, 4, 12, 4, 4, 4, 4, 4, 4, 4] [1, 1, 1, 1, 1, 1, 1, 1, 1, 1, 1, 1, 1, 2, 2, 6, 9, 1, 3, 16, 1, 1, 1, 7, 1, 1, 14, 5, 1, 1, 1, 1, 3, 3, 1, 1, 1, 3, 1, 1, 1, 1, 1, 1, 1, 1, 1, 1, 1, 1, 4, 7, 1, 1, 1, 2, 1, 1, 1, 2, 1, 1, 1, 1, 1, 1, 1, 1, 1, 1, 1, 1, 1, 1, 5, 5, 1, 5, 1, 5, 1, 1, 1, 1, 3, 1, 1, 1, 1, 1, 1, 3, 1, 1, 1, 1, 1, 1, 5, 1, 1, 1, 1, 5, 7, 1, 1, 1, 5, 7, 1, 1, 1, 1, 3, 1, 1, 1, 3, 1, 1, 1, 1, 1, 1, 1, 1, 1, 1, 1, 3, 3, 8, 3, 1, 1, 13, 1, 1, 1, 1, 1, 8, 1, 1, 6, 5, 1, 1, 1]
hg19 panTro4 [4, 4, 4, 4, 4, 4, 4, 4, 4, 4, 4, 4] [1, 2]
hg19 ponAbe2 [6, 6, 4, 4, 4, 4, 4, 4, 4, 4, 4, 4, 4, 4, 4] [2, 5, 4, 6, 2]
hg19 rheMac3 [6, 4, 6, 8, 4, 6, 6, 6, 6, 6, 6, 6, 4, 6, 4, 4, 4, 12, 4, 4, 6, 4, 4, 4, 6, 4, 6, 4, 4, 4, 4, 6, 4, 4, 4, 4, 6, 6] [1, 6, 2, 1, 2, 5, 3, 1, 2, 2, 3, 2]
hg19 rn5 [4, 4, 4, 4, 4, 4, 6, 10, 4, 6, 4, 4, 6, 6, 6, 6, 6, 6, 4, 6, 4, 8, 6, 8, 8, 6, 6, 6, 4, 4, 4, 4, 4, 8, 4, 6, 4, 6, 4, 4, 4, 6, 4, 4, 6, 6, 4, 6, 4, 4, 6, 4, 6, 4, 4, 4, 4, 6, 6, 4, 6, 4, 4, 4, 6, 8, 6, 6, 4, 8, 4, 6, 10, 4, 4, 4, 6, 6, 4, 12, 4, 4, 4, 6, 4, 4] [63, 10, 43, 8, 25, 17, 5, 5, 3, 30, 20, 36, 15, 3, 33, 7, 21, 11, 17, 9, 19, 5, 9, 6, 4, 7, 19, 11, 14, 8, 1, 1, 1, 15, 1, 2, 1, 4, 1]
hg19 sorAra2 [4, 4, 4, 6, 4, 4, 4, 4, 4, 4, 4, 4, 4, 4, 4, 4, 4, 4, 6, 4, 4, 4] [3, 1, 1, 1, 1, 3, 1, 21, 5, 4, 1, 1, 1, 1, 1, 10, 5, 2, 5, 1, 1, 1, 1, 2, 1, 3, 1, 11, 1, 1, 1, 1, 13, 3, 1, 1, 1, 1, 1, 1, 1, 1, 1, 1, 1, 1, 1, 5, 1, 2, 5, 3, 1, 1, 7, 1, 3, 2, 3, 1, 1, 1, 1, 4, 1, 1, 3, 9, 1, 1, 2, 1, 4, 3, 11, 3, 1, 1, 1, 3, 14, 4, 1, 4, 1, 9, 1, 3, 1, 3, 4, 1, 1, 5, 2, 1, 1, 1, 1, 1, 3, 1, 1, 3, 1, 1, 3, 1, 1, 3, 5, 3, 1, 1, 1, 1, 1, 1, 1, 1, 1, 1, 1, 1, 1, 1, 1, 1, 1, 7, 1, 1, 1, 1, 1, 1, 1, 1, 1, 1, 1, 1, 1, 1, 1, 1, 1, 1, 3, 5, 5, 1, 1, 3, 1, 1, 1, 1, 1, 1, 1, 1, 4, 3, 1, 1, 1, 1, 1, 1, 1, 3, 1, 1, 1, 1, 1, 1, 1, 5, 1, 1, 1, 1, 3, 1, 2, 5, 1, 1, 4, 3, 1, 1, 2, 1, 1, 1, 1, 1, 1, 2, 1, 1, 1, 1, 3, 1, 1, 1]
hg19 susScr3 [4, 8, 4, 4, 6, 6, 4, 6, 4, 4, 4, 4, 4, 4, 4, 4, 4, 6, 4, 6, 6, 4, 4, 4, 4, 6, 4, 4, 6, 4, 4, 6, 4, 4, 4, 4, 4, 4, 4, 4, 4, 4, 12, 4, 4, 4] [1, 4, 15, 20, 11, 11, 46, 13, 8, 3, 6, 12, 7, 2, 7, 4, 2, 3, 2, 7, 5, 4, 2, 1]
hg19 triMan1 [4, 4, 8, 4, 4, 4, 4, 4, 4, 4, 4, 4, 4, 6, 4, 6, 4, 4] [4, 1, 1, 1, 1, 1, 1, 1, 1, 1, 5, 1, 1, 1, 1, 1, 1, 1, 1, 1, 1, 2, 2, 1, 1, 1, 1, 1, 1, 1, 3, 1, 17, 1, 1, 1, 1, 1, 3, 1, 1, 1, 1, 1, 1, 1, 1, 1, 1, 1, 1, 1, 1, 8, 1, 1, 1, 1, 1, 1, 1, 1, 1, 1, 1, 1, 1, 1, 3, 1, 1, 1, 1, 3, 1, 1, 1, 1, 1, 1, 1, 3, 1, 1, 1, 1, 1, 3, 1, 1, 1, 1, 1, 1, 1, 1, 1, 1, 2, 10, 1, 3, 1, 5, 11, 1, 1, 1, 7, 3, 1, 1, 2, 5, 5, 9, 1, 1, 1, 1, 1, 1, 1, 1, 1, 1, 1, 1, 1, 1, 1, 1, 1, 1, 1, 1, 1, 1, 1, 1, 1, 1, 1, 4, 1, 5, 1, 1, 1, 1, 1, 1, 1, 1, 1, 1, 1, 1, 1, 1, 2, 1, 1, 3, 1, 1, 1, 1, 1, 2, 3, 1, 1, 3, 1, 8, 3, 1, 1, 1, 1, 3, 1, 1, 1, 1, 1, 1, 2, 1, 1, 1, 1, 1, 1, 1, 1, 1, 1, 1, 1, 1, 1, 1, 1, 1, 1, 1, 1, 1, 1, 1, 1, 1, 1, 1, 1, 1, 1, 1, 1, 1, 1, 1, 1, 1, 1, 1, 1, 1, 1, 1, 1, 1, 1, 1, 1, 1, 1, 1, 1, 1, 1, 1, 1, 1, 1, 1, 1, 1, 3, 1, 1, 1, 1, 1, 1, 1, 1, 1, 1, 1, 1, 1, 1, 1, 1, 1, 6, 1, 1, 1, 1, 1, 1, 1, 1, 3, 1, 1, 1, 1, 1, 1, 1, 1, 1, 1, 1, 3, 3, 8, 1, 1, 1, 3, 1, 1, 1, 1, 1, 1, 3, 1, 1, 1, 1, 1, 1, 1, 1, 1, 1, 1, 1, 1, 1, 1, 1, 1, 1, 1, 1, 1, 1, 1, 1, 1, 1]
